175 24 560 397 28 0.42
201 40 542 426 28 0.32
208 54 559 425 28 0.54
182 56 587 420 28 0.54
180 41 585 388 28 0.57
173 57 569 418 28 0.6
170 55 603 425 28 0.44
127 52 585 379 28 0.16
156 49 551 348 28 0.23
218 56 557 326 28 0.18
204 62 576 341 28 0.29
231 51 594 341 28 0.52
172 40 537 348 28 0.28
206 49 553 378 28 0.48
188 28 574 359 28 0.45
236 40 605 376 28 0.51
273 57 551 362 28 0.52
291 62 535 352 28 0.28
260 52 493 344 28 0.58
312 59 558 351 28 0.33
168 30 490 359 28 0.28
162 49 469 371 28 0.31
173 51 488 368 28 0.42
164 33 484 326 28 0.25
142 28 465 336 28 0.48
109 40 453 321 28 0.36
151 50 466 313 28 0.28
153 74 466 317 28 0.28
131 84 457 309 28 0.23
151 55 524 295 28 0.2
155 67 522 347 28 0.24
163 61 547 364 28 0.39
175 45 551 368 28 0.61
131 46 541 365 28 0.7
185 11 579 347 28 0.72
132 26 516 402 28 0.69
85 1 465 359 28 0.63
144 47 477 429 28 0.53
200 34 571 387 28 0.4
221 45 585 421 28 0.29
159 21 512 399 28 0.33
122 12 440 335 28 0.38
202 36 458 357 28 0.25
148 25 402 329 28 0.21
157 33 410 321 28 0.25
193 40 408 358 28 0.22
215 47 425 356 28 0.18
204 27 420 322 28 0.18
192 26 482 383 28 0.5
212 30 497 391 28 0.33
185 7 473 382 28 0.34
